562949953421313,
